function [cm] = BWRcolormap
%Function [cm] = BWRcolormap
%
% Returns a blue-white-red colormap-matrix.

cm = [0         0    1.0000;
    0.0323    0.0323    1.0000;
    0.0645    0.0645    1.0000;
    0.0968    0.0968    1.0000;
    0.1290    0.1290    1.0000;
    0.1613    0.1613    1.0000;
    0.1935    0.1935    1.0000;
    0.2258    0.2258    1.0000;
    0.2581    0.2581    1.0000;
    0.2903    0.2903    1.0000;
    0.3226    0.3226    1.0000;
    0.3548    0.3548    1.0000;
    0.3871    0.3871    1.0000;
    0.4194    0.4194    1.0000;
    0.4516    0.4516    1.0000;
    0.4839    0.4839    1.0000;
    0.5161    0.5161    1.0000;
    0.5484    0.5484    1.0000;
    0.5806    0.5806    1.0000;
    0.6129    0.6129    1.0000;
    0.6452    0.6452    1.0000;
    0.6774    0.6774    1.0000;
    0.7097    0.7097    1.0000;
    0.7419    0.7419    1.0000;
    0.7742    0.7742    1.0000;
    0.8065    0.8065    1.0000;
    0.8387    0.8387    1.0000;
    0.8710    0.8710    1.0000;
    0.9032    0.9032    1.0000;
    0.9355    0.9355    1.0000;
    0.9677    0.9677    1.0000;
    1.0000    1.0000    1.0000;
    1.0000    0.9688    0.9688;
    1.0000    0.9375    0.9375;
    1.0000    0.9062    0.9062;
    1.0000    0.8750    0.8750;
    1.0000    0.8438    0.8438;
    1.0000    0.8125    0.8125;
    1.0000    0.7812    0.7812;
    1.0000    0.7500    0.7500;
    1.0000    0.7188    0.7188;
    1.0000    0.6875    0.6875;
    1.0000    0.6562    0.6562;
    1.0000    0.6250    0.6250;
    1.0000    0.5938    0.5938;
    1.0000    0.5625    0.5625;
    1.0000    0.5312    0.5312;
    1.0000    0.5000    0.5000;
    1.0000    0.4688    0.4688;
    1.0000    0.4375    0.4375;
    1.0000    0.4062    0.4062;
    1.0000    0.3750    0.3750;
    1.0000    0.3438    0.3438;
    1.0000    0.3125    0.3125;
    1.0000    0.2812    0.2812;
    1.0000    0.2500    0.2500;
    1.0000    0.2188    0.2188;
    1.0000    0.1875    0.1875;
    1.0000    0.1562    0.1562;
    1.0000    0.1250    0.1250;
    1.0000    0.0938    0.0938;
    1.0000    0.0625    0.0625;
    1.0000    0.0312    0.0312;
    1.0000         0         0];