function [cm] = BYRcolormap
%Function [cm] = BYRcolormap
%
% Returns a blue-yellow-red colormap-matrix.

cm = [      0         0    1.0000;
    0.0333    0.0333    0.9667;
    0.0667    0.0667    0.9333;
    0.1000    0.1000    0.9000;
    0.1333    0.1333    0.8667;
    0.1667    0.1667    0.8333;
    0.2000    0.2000    0.8000;
    0.2333    0.2333    0.7667;
    0.2667    0.2667    0.7333;
    0.3000    0.3000    0.7000;
    0.3333    0.3333    0.6667;
    0.3667    0.3667    0.6333;
    0.4000    0.4000    0.6000;
    0.4333    0.4333    0.5667;
    0.4667    0.4667    0.5333;
    0.5000    0.5000    0.5000;
    0.5333    0.5333    0.4667;
    0.5667    0.5667    0.4333;
    0.6000    0.6000    0.4000;
    0.6333    0.6333    0.3667;
    0.6667    0.6667    0.3333;
    0.7000    0.7000    0.3000;
    0.7333    0.7333    0.2667;
    0.7667    0.7667    0.2333;
    0.8000    0.8000    0.2000;
    0.8333    0.8333    0.1667;
    0.8667    0.8667    0.1333;
    0.9000    0.9000    0.1000;
    0.9333    0.9333    0.0667;
    0.9667    0.9667    0.0333;
    1.0000    1.0000         0;
    1.0000    0.9697         0;
    1.0000    0.9394         0;
    1.0000    0.9091         0;
    1.0000    0.8788         0;
    1.0000    0.8485         0;
    1.0000    0.8182         0;
    1.0000    0.7879         0;
    1.0000    0.7576         0;
    1.0000    0.7273         0;
    1.0000    0.6970         0;
    1.0000    0.6667         0;
    1.0000    0.6364         0;
    1.0000    0.6061         0;
    1.0000    0.5758         0;
    1.0000    0.5455         0;
    1.0000    0.5152         0;
    1.0000    0.4848         0;
    1.0000    0.4545         0;
    1.0000    0.4242         0;
    1.0000    0.3939         0;
    1.0000    0.3636         0;
    1.0000    0.3333         0;
    1.0000    0.3030         0;
    1.0000    0.2727         0;
    1.0000    0.2424         0;
    1.0000    0.2121         0;
    1.0000    0.1818         0;
    1.0000    0.1515         0;
    1.0000    0.1212         0;
    1.0000    0.0909         0;
    1.0000    0.0606         0;
    1.0000    0.0303         0;
    1.0000         0         0];