function [cm] = WBYRcolormap
%Function [cm] = WBYRcolormap
%
% Returns white-blue-yellow-red colormap-matrix.

cm = [ 1.0000    1.0000    1.0000;
    0.9375    0.9375    1.0000;
    0.8750    0.8750    1.0000;
    0.8125    0.8125    1.0000;
    0.7500    0.7500    1.0000;
    0.6875    0.6875    1.0000;
    0.6250    0.6250    1.0000;
    0.5625    0.5625    1.0000;
    0.5000    0.5000    1.0000;
    0.4375    0.4375    1.0000;
    0.3750    0.3750    1.0000;
    0.3125    0.3125    1.0000;
    0.2500    0.2500    1.0000;
    0.1875    0.1875    1.0000;
    0.1250    0.1250    1.0000;
    0.0625    0.0625    1.0000;
         0         0    1.0000;
    0.0417    0.0417    0.9583;
    0.0833    0.0833    0.9167;
    0.1250    0.1250    0.8750;
    0.1667    0.1667    0.8333;
    0.2083    0.2083    0.7917;
    0.2500    0.2500    0.7500;
    0.2917    0.2917    0.7083;
    0.3333    0.3333    0.6667;
    0.3750    0.3750    0.6250;
    0.4167    0.4167    0.5833;
    0.4583    0.4583    0.5417;
    0.5000    0.5000    0.5000;
    0.5417    0.5417    0.4583;
    0.5833    0.5833    0.4167;
    0.6250    0.6250    0.3750;
    0.6667    0.6667    0.3333;
    0.7083    0.7083    0.2917;
    0.7500    0.7500    0.2500;
    0.7917    0.7917    0.2083;
    0.8333    0.8333    0.1667;
    0.8750    0.8750    0.1250;
    0.9167    0.9167    0.0833;
    0.9583    0.9583    0.0417;
    1.0000    1.0000         0;
    1.0000    0.9565         0;
    1.0000    0.9130         0;
    1.0000    0.8696         0;
    1.0000    0.8261         0;
    1.0000    0.7826         0;
    1.0000    0.7391         0;
    1.0000    0.6957         0;
    1.0000    0.6522         0;
    1.0000    0.6087         0;
    1.0000    0.5652         0;
    1.0000    0.5217         0;
    1.0000    0.4783         0;
    1.0000    0.4348         0;
    1.0000    0.3913         0;
    1.0000    0.3478         0;
    1.0000    0.3043         0;
    1.0000    0.2609         0;
    1.0000    0.2174         0;
    1.0000    0.1739         0;
    1.0000    0.1304         0;
    1.0000    0.0870         0;
    1.0000    0.0435         0;
    1.0000         0         0];